0 1
0 2
0 3
0 4
0 5
0 6
0 7
0 8
0 9
0 10
0 11
0 12
0 13
0 14
0 15
0 16
0 17
0 18
0 19
0 20
0 21
0 22
0 23
0 24
0 25
0 26
0 27
0 28
0 29
0 30
0 31
0 32
0 33
0 34
0 35
0 36
0 37
1 1
1 38
1 39
1 40
1 41
1 42
1 43
1 44
1 45
2 1
2 6
2 7
2 10
2 11
2 12
2 13
2 15
2 16
2 20
2 21
2 22
2 24
2 28
2 29
2 36
2 46
2 47
2 48
2 49
2 50
2 51
2 52
2 53
2 54
2 55
2 56
2 57
2 58
2 59
2 60
2 61
2 62
2 63
2 64
2 65
2 66
3 1
3 10
3 15
3 19
3 21
3 24
3 27
3 28
3 29
3 30
3 32
3 33
3 35
3 36
3 47
3 48
3 49
3 54
3 59
3 60
3 61
3 67
3 68
3 69
4 1
4 11
4 12
4 13
4 15
4 21
4 24
4 25
4 34
4 36
4 49
4 57
4 60
4 61
4 62
4 64
4 69
4 70
4 71
4 72
4 73
4 74
5 1
5 2
5 3
5 6
5 7
5 10
5 11
5 12
5 13
5 15
5 17
5 18
5 19
5 20
5 21
5 22
5 23
5 24
5 28
5 29
5 35
5 36
5 48
5 49
5 55
5 58
5 75
5 76
5 77
5 78
5 79
5 80
5 81
5 82
5 83
5 84
5 85
5 86
5 87
6 1
6 7
6 12
6 15
6 17
6 20
6 24
6 25
6 28
6 29
6 35
6 36
6 75
6 78
6 80
6 84
6 85
6 86
6 87
6 88
6 89
6 90
6 91
6 92
6 93
6 94
6 95
7 6
7 8
7 23
7 32
7 33
7 34
7 96
7 97
7 98
7 99
7 100
7 101
8 1
8 6
8 10
8 11
8 12
8 13
8 17
8 20
8 21
8 23
8 24
8 25
8 27
8 28
8 29
8 32
8 35
8 36
8 48
8 49
8 69
8 75
8 80
8 90
8 96
8 102
8 103
8 104
8 105
8 106
8 107
8 108
9 1
9 7
9 13
9 17
9 18
9 22
9 23
9 24
9 25
9 27
9 28
9 29
9 32
9 33
9 34
9 35
9 68
9 70
9 76
9 87
9 99
9 102
9 104
9 105
9 106
9 109
9 110
9 111
9 112
9 113
9 114
9 115
10 1
10 6
10 7
10 10
10 11
10 12
10 13
10 15
10 16
10 19
10 20
10 25
10 27
10 28
10 29
10 35
10 36
10 49
10 51
10 52
10 53
10 55
10 70
10 76
10 84
10 85
10 86
10 100
10 105
10 113
10 116
10 117
10 118
10 119
10 120
10 121
11 1
11 2
11 7
11 15
11 17
11 23
11 24
11 28
11 29
11 32
11 33
11 35
11 36
11 56
11 57
11 72
11 76
11 78
11 87
11 105
11 122
11 123
11 124
11 125
11 126
12 1
12 6
12 7
12 10
12 11
12 12
12 13
12 15
12 16
12 17
12 18
12 20
12 21
12 22
12 23
12 24
12 25
12 27
12 28
12 29
12 32
12 33
12 35
12 36
12 49
12 51
12 52
12 53
12 69
12 76
12 81
12 83
12 84
12 85
12 86
12 90
12 97
12 105
12 113
12 119
12 124
12 127
12 128
12 129
12 130
12 131
12 132
12 133
12 134
12 135
12 136
12 137
13 1
13 7
13 10
13 11
13 12
13 15
13 16
13 17
13 18
13 21
13 23
13 27
13 28
13 29
13 34
13 35
13 49
13 51
13 52
13 53
13 56
13 57
13 69
13 70
13 71
13 76
13 100
13 102
13 105
13 113
13 119
13 122
13 131
13 134
13 135
13 138
13 139
14 1
14 11
14 12
14 15
14 17
14 18
14 23
14 24
14 28
14 29
14 35
14 49
14 113
14 114
14 131
14 140
14 141
14 142
15 1
15 7
15 15
15 16
15 17
15 21
15 23
15 25
15 28
15 29
15 35
15 51
15 53
15 78
15 84
15 85
15 86
15 87
15 99
15 105
15 140
15 143
15 144
15 145
15 146
15 147
15 148
15 149
15 150
15 151
15 152
15 153
15 154
15 155
16 1
16 6
16 11
16 12
16 13
16 15
16 18
16 24
16 25
16 32
16 33
16 34
16 35
16 49
16 76
16 83
16 84
16 86
16 107
16 129
16 131
16 140
16 146
16 156
16 157
16 158
17 1
17 7
17 11
17 12
17 13
17 15
17 24
17 27
17 28
17 29
17 32
17 33
17 35
17 49
17 69
17 76
17 84
17 86
17 99
17 102
17 103
17 105
17 129
17 159
17 160
17 161
17 162
17 163
17 164
18 11
18 12
18 15
18 23
18 25
18 35
18 105
18 137
18 157
18 162
18 165
18 166
18 167
19 1
19 15
19 24
19 27
19 28
19 29
19 35
19 51
19 126
19 143
19 145
19 157
19 162
19 166
19 168
19 169
19 170
19 171
19 172
19 173
19 174
19 175
19 176
19 177
19 178
20 1
20 11
20 12
20 13
20 15
20 18
20 23
20 24
20 25
20 28
20 29
20 49
20 69
20 90
20 105
20 123
20 140
20 143
20 157
20 163
20 168
20 169
20 172
20 174
20 175
20 179
20 180
20 181
20 182
20 183
20 184
20 185
21 1
21 7
21 13
21 15
21 23
21 24
21 28
21 29
21 143
21 144
21 172
21 179
21 186
21 187
21 188
22 1
22 35
22 48
22 69
22 76
22 87
22 162
22 163
22 189
22 190
22 191
22 192
22 193
22 194
22 195
22 196
22 197
23 1
23 12
23 15
23 18
23 23
23 24
23 27
23 48
23 75
23 87
23 119
23 143
23 163
23 186
23 191
23 195
23 198
23 199
24 1
24 7
24 12
24 13
24 25
24 28
24 29
24 48
24 49
24 75
24 149
24 157
24 162
24 191
24 193
24 198
24 199
24 200
24 201
24 202
25 1
25 13
25 15
25 28
25 48
25 75
25 87
25 167
25 185
25 191
25 193
25 195
25 199
25 203
26 1
26 11
26 12
26 24
26 25
26 28
26 29
26 34
26 48
26 49
26 69
26 75
26 87
26 143
26 167
26 179
26 191
26 193
26 199
26 201
26 202
26 204
26 205
26 206
26 207
26 208
27 1
27 7
27 12
27 15
27 18
27 25
27 28
27 29
27 49
27 143
27 191
27 193
27 195
27 199
27 201
27 204
27 206
27 209
28 1
28 11
28 12
28 15
28 24
28 28
28 34
28 48
28 49
28 75
28 87
28 138
28 144
28 163
28 167
28 186
28 193
28 196
28 203
28 204
28 210
28 211
28 212
28 213
28 214
28 215
28 216
28 217
28 218
28 219
28 220
28 221
28 222
29 1
29 7
29 15
29 24
29 25
29 35
29 48
29 76
29 134
29 157
29 159
29 168
29 179
29 185
29 191
29 193
29 196
29 211
29 212
29 223
29 224
29 225
29 226
30 134
30 141
30 227
30 228
30 229
30 230
30 231
30 232
30 233
30 234
30 235
30 236
30 237
30 238
30 239
30 240
30 241
30 242
30 243
30 244
30 245
30 246
30 247
30 248
30 249
30 250
30 251
30 252
30 253
30 254
30 255
30 256
30 257
30 258
30 259
30 260
31 1
31 145
31 230
31 235
31 249
31 250
31 252
31 254
31 259
31 260
31 261
31 262
31 263
31 264
31 265
31 266
31 267
31 268
31 269
31 270
31 271
31 272
31 273
31 274
31 275
31 276
31 277
31 278
31 279
31 280
31 281
31 282
31 283
31 284
31 285
31 286
31 287
31 288
31 289
31 290
31 291
31 292
31 293
31 294
31 295
31 296
31 297
31 298
31 299
32 158
32 227
32 229
32 235
32 239
32 244
32 248
32 249
32 259
32 269
32 274
32 298
32 299
32 300
32 301
32 302
32 303
32 304
32 305
32 306
32 307
32 308
32 309
32 310
32 311
32 312
32 313
32 314
32 315
32 316
32 317
32 318
32 319
32 320
32 321
32 322
32 323
32 324
32 325
32 326
32 327
33 1
33 142
33 235
33 239
33 244
33 255
33 258
33 259
33 274
33 276
33 277
33 278
33 279
33 281
33 299
33 313
33 320
33 326
33 328
33 329
33 330
33 331
33 332
33 333
33 334
33 335
33 336
33 337
33 338
33 339
33 340
33 341
33 342
33 343
34 1
34 141
34 230
34 239
34 245
34 254
34 274
34 278
34 279
34 291
34 299
34 301
34 312
34 313
34 326
34 342
34 344
34 345
34 346
34 347
34 348
34 349
34 350
34 351
34 352
34 353
34 354
34 355
34 356
34 357
34 358
34 359
34 360
34 361
34 362
34 363
34 364
35 1
35 142
35 196
35 228
35 230
35 248
35 250
35 255
35 256
35 258
35 259
35 260
35 269
35 274
35 276
35 278
35 279
35 289
35 290
35 291
35 292
35 299
35 303
35 313
35 326
35 330
35 338
35 339
35 348
35 350
35 356
35 365
35 366
35 367
35 368
35 369
35 370
35 371
35 372
35 373
35 374
35 375
35 376
35 377
35 378
35 379
35 380
35 381
35 382
35 383
35 384
35 385
36 227
36 244
36 266
36 274
36 279
36 299
36 326
36 339
36 347
36 348
36 353
36 355
36 357
36 380
36 386
36 387
36 388
36 389
36 390
36 391
36 392
36 393
36 394
36 395
36 396
36 397
36 398
36 399
36 400
36 401
36 402
36 403
36 404
36 405
36 406
36 407
36 408
36 409
37 1
37 61
37 157
37 210
37 228
37 239
37 244
37 245
37 250
37 254
37 256
37 274
37 279
37 283
37 297
37 299
37 302
37 313
37 315
37 326
37 335
37 336
37 350
37 369
37 407
37 410
37 411
37 412
37 413
37 414
37 415
37 416
38 18
38 41
38 227
38 277
38 417
38 418
38 419
38 420
38 421
38 422
38 423
38 424
38 425
38 426
38 427
38 428
38 429
38 430
38 431
38 432
38 433
38 434
38 435
38 436
38 437
38 438
38 439
38 440
38 441
39 99
39 421
39 442
39 443
39 444
39 445
40 89
40 227
40 277
40 282
40 334
40 419
40 429
40 446
40 447
40 448
40 449
40 450
40 451
40 452
40 453
40 454
40 455
40 456
40 457
40 458
40 459
40 460
40 461
40 462
40 463
40 464
40 465
40 466
40 467
40 468
40 469
40 470
40 471
40 472
40 473
40 474
40 475
40 476
40 477
40 478
40 479
40 480
41 113
41 144
41 227
41 254
41 481
41 482
41 483
41 484
41 485
41 486
41 487
41 488
41 489
41 490
41 491
41 492
41 493
41 494
41 495
41 496
41 497
41 498
41 499
41 500
41 501
41 502
42 58
42 61
42 227
42 364
42 418
42 422
42 428
42 432
42 434
42 483
42 497
42 503
42 504
42 505
42 506
42 507
42 508
42 509
42 510
42 511
42 512
42 513
42 514
42 515
42 516
42 517
42 518
43 25
43 186
43 289
43 367
43 489
43 514
43 519
43 520
43 521
43 522
43 523
43 524
43 525
43 526
43 527
43 528
43 529
43 530
43 531
43 532
43 533
43 534
44 227
44 250
44 281
44 289
44 297
44 310
44 427
44 435
44 451
44 484
44 520
44 521
44 523
44 526
44 528
44 534
44 535
44 536
44 537
44 538
44 539
44 540
44 541
44 542
44 543
44 544
44 545
44 546
44 547
44 548
44 549
44 550
44 551
44 552
44 553
44 554
44 555
44 556
44 557
45 1
45 207
45 258
45 274
45 311
45 454
45 514
45 558
45 559
45 560
45 561
45 562
45 563
45 564
45 565
45 566
45 567
45 568
45 569
45 570
45 571
45 572
45 573
45 574
45 575
45 576
45 577
45 578
45 579
45 580
45 581
45 582
45 583
45 584
45 585
45 586
45 587
45 588
45 589
45 590
45 591
45 592
45 593
45 594
